function PEC_n1=PEC_N1(n_e,T_e); 
%interpolation function for photon emissivity coefficient of C2+ 

n_e_data_PEC=[1000000000000.00,2460000000000.00,6060000000000.00,14900000000000.0,36700000000000.0,90500000000000.0,223000000000000,548000000000000,1.35000000000000e+15,3.32000000000000e+15,8.19000000000000e+15,2.02000000000000e+16,4.96000000000000e+16,1.22000000000000e+17,3.01000000000000e+17,7.41000000000000e+17,1.82000000000000e+18,4.49000000000000e+18,1.11000000000000e+19,2.72000000000000e+19,6.70000000000000e+19,1.65000000000000e+20,4.06000000000000e+20,1.00000000000000e+21];
    T_e_data_PEC=[0.100000000000000,0.140000000000000,0.197000000000000,0.276000000000000,0.387000000000000,0.544000000000000,0.763000000000000,1.07000000000000,1.50000000000000,2.11000000000000,2.96000000000000,4.15000000000000,5.82000000000000,8.16000000000000,11.5000000000000,16.1000000000000,22.5000000000000,31.6000000000000,44.4000000000000,62.2000000000000,87.3000000000000,123,172,241,338,475,666,935,1310,1840,2580,3620,5080,7130,10000];
    Table_PEC_N_1=[ 1.00000000000000e-80,1.00000000000000e-80,1.00000000000000e-80,6.17000000000000e-47,1.09000000000000e-37,4.03000000000000e-31,1.79000000000000e-26,3.41000000000000e-23,6.89000000000000e-21,2.86000000000000e-19,3.86000000000000e-18,2.34000000000000e-17,7.97000000000000e-17,1.79000000000000e-16,2.98000000000000e-16,4.00000000000000e-16,4.60000000000000e-16,4.77000000000000e-16,4.62000000000000e-16,4.30000000000000e-16,3.89000000000000e-16,3.47000000000000e-16,3.07000000000000e-16,2.71000000000000e-16,2.38000000000000e-16,2.09000000000000e-16,1.84000000000000e-16,1.61000000000000e-16,1.42000000000000e-16,1.25000000000000e-16,1.10000000000000e-16,9.71000000000000e-17,8.60000000000000e-17,7.64000000000000e-17,6.82000000000000e-17;
    1.00000000000000e-80,1.00000000000000e-80,1.00000000000000e-80,6.36000000000000e-47,1.13000000000000e-37,4.15000000000000e-31,1.85000000000000e-26,3.50000000000000e-23,7.07000000000000e-21,2.93000000000000e-19,3.94000000000000e-18,2.38000000000000e-17,8.08000000000000e-17,1.81000000000000e-16,3.01000000000000e-16,4.03000000000000e-16,4.62000000000000e-16,4.78000000000000e-16,4.62000000000000e-16,4.29000000000000e-16,3.89000000000000e-16,3.47000000000000e-16,3.07000000000000e-16,2.70000000000000e-16,2.38000000000000e-16,2.09000000000000e-16,1.84000000000000e-16,1.61000000000000e-16,1.42000000000000e-16,1.24000000000000e-16,1.10000000000000e-16,9.69000000000000e-17,8.58000000000000e-17,7.63000000000000e-17,6.80000000000000e-17;
    1.00000000000000e-80,1.00000000000000e-80,1.00000000000000e-80,6.62000000000000e-47,1.17000000000000e-37,4.30000000000000e-31,1.91000000000000e-26,3.61000000000000e-23,7.26000000000000e-21,3.00000000000000e-19,4.02000000000000e-18,2.42000000000000e-17,8.19000000000000e-17,1.83000000000000e-16,3.04000000000000e-16,4.06000000000000e-16,4.64000000000000e-16,4.79000000000000e-16,4.63000000000000e-16,4.30000000000000e-16,3.89000000000000e-16,3.47000000000000e-16,3.06000000000000e-16,2.70000000000000e-16,2.38000000000000e-16,2.09000000000000e-16,1.83000000000000e-16,1.61000000000000e-16,1.41000000000000e-16,1.24000000000000e-16,1.10000000000000e-16,9.68000000000000e-17,8.58000000000000e-17,7.62000000000000e-17,6.79000000000000e-17;
    1.00000000000000e-80,1.00000000000000e-80,1.00000000000000e-80,6.91000000000000e-47,1.22000000000000e-37,4.49000000000000e-31,1.99000000000000e-26,3.75000000000000e-23,7.52000000000000e-21,3.09000000000000e-19,4.12000000000000e-18,2.47000000000000e-17,8.34000000000000e-17,1.86000000000000e-16,3.07000000000000e-16,4.09000000000000e-16,4.67000000000000e-16,4.81000000000000e-16,4.64000000000000e-16,4.30000000000000e-16,3.89000000000000e-16,3.47000000000000e-16,3.06000000000000e-16,2.70000000000000e-16,2.38000000000000e-16,2.09000000000000e-16,1.83000000000000e-16,1.61000000000000e-16,1.41000000000000e-16,1.24000000000000e-16,1.10000000000000e-16,9.68000000000000e-17,8.57000000000000e-17,7.62000000000000e-17,6.79000000000000e-17;
    1.00000000000000e-80,1.00000000000000e-80,1.00000000000000e-80,7.14000000000000e-47,1.27000000000000e-37,4.66000000000000e-31,2.07000000000000e-26,3.90000000000000e-23,7.81000000000000e-21,3.20000000000000e-19,4.26000000000000e-18,2.54000000000000e-17,8.51000000000000e-17,1.89000000000000e-16,3.11000000000000e-16,4.13000000000000e-16,4.70000000000000e-16,4.84000000000000e-16,4.66000000000000e-16,4.31000000000000e-16,3.89000000000000e-16,3.47000000000000e-16,3.06000000000000e-16,2.70000000000000e-16,2.38000000000000e-16,2.09000000000000e-16,1.83000000000000e-16,1.61000000000000e-16,1.41000000000000e-16,1.24000000000000e-16,1.10000000000000e-16,9.68000000000000e-17,8.57000000000000e-17,7.61000000000000e-17,6.79000000000000e-17;
    1.00000000000000e-80,1.00000000000000e-80,1.00000000000000e-80,7.28000000000000e-47,1.29000000000000e-37,4.77000000000000e-31,2.12000000000000e-26,4.01000000000000e-23,8.05000000000000e-21,3.30000000000000e-19,4.37000000000000e-18,2.60000000000000e-17,8.68000000000000e-17,1.92000000000000e-16,3.15000000000000e-16,4.16000000000000e-16,4.73000000000000e-16,4.85000000000000e-16,4.67000000000000e-16,4.31000000000000e-16,3.90000000000000e-16,3.47000000000000e-16,3.07000000000000e-16,2.70000000000000e-16,2.38000000000000e-16,2.09000000000000e-16,1.83000000000000e-16,1.61000000000000e-16,1.41000000000000e-16,1.24000000000000e-16,1.10000000000000e-16,9.67000000000000e-17,8.57000000000000e-17,7.61000000000000e-17,6.78000000000000e-17;
    1.00000000000000e-80,1.00000000000000e-80,1.00000000000000e-80,7.35000000000000e-47,1.31000000000000e-37,4.83000000000000e-31,2.15000000000000e-26,4.08000000000000e-23,8.19000000000000e-21,3.35000000000000e-19,4.44000000000000e-18,2.63000000000000e-17,8.78000000000000e-17,1.94000000000000e-16,3.17000000000000e-16,4.18000000000000e-16,4.74000000000000e-16,4.86000000000000e-16,4.67000000000000e-16,4.32000000000000e-16,3.90000000000000e-16,3.47000000000000e-16,3.07000000000000e-16,2.70000000000000e-16,2.38000000000000e-16,2.09000000000000e-16,1.83000000000000e-16,1.61000000000000e-16,1.41000000000000e-16,1.24000000000000e-16,1.10000000000000e-16,9.67000000000000e-17,8.57000000000000e-17,7.61000000000000e-17,6.78000000000000e-17;
    1.00000000000000e-80,1.00000000000000e-80,1.00000000000000e-80,7.38000000000000e-47,1.31000000000000e-37,4.86000000000000e-31,2.17000000000000e-26,4.11000000000000e-23,8.25000000000000e-21,3.38000000000000e-19,4.48000000000000e-18,2.65000000000000e-17,8.82000000000000e-17,1.94000000000000e-16,3.17000000000000e-16,4.18000000000000e-16,4.74000000000000e-16,4.86000000000000e-16,4.67000000000000e-16,4.32000000000000e-16,3.90000000000000e-16,3.47000000000000e-16,3.06000000000000e-16,2.70000000000000e-16,2.38000000000000e-16,2.09000000000000e-16,1.83000000000000e-16,1.61000000000000e-16,1.41000000000000e-16,1.24000000000000e-16,1.10000000000000e-16,9.67000000000000e-17,8.57000000000000e-17,7.61000000000000e-17,6.78000000000000e-17;
    1.00000000000000e-80,1.00000000000000e-80,1.00000000000000e-80,7.39000000000000e-47,1.32000000000000e-37,4.87000000000000e-31,2.17000000000000e-26,4.12000000000000e-23,8.28000000000000e-21,3.39000000000000e-19,4.49000000000000e-18,2.66000000000000e-17,8.83000000000000e-17,1.94000000000000e-16,3.17000000000000e-16,4.18000000000000e-16,4.74000000000000e-16,4.85000000000000e-16,4.66000000000000e-16,4.31000000000000e-16,3.89000000000000e-16,3.47000000000000e-16,3.06000000000000e-16,2.70000000000000e-16,2.37000000000000e-16,2.09000000000000e-16,1.83000000000000e-16,1.61000000000000e-16,1.41000000000000e-16,1.24000000000000e-16,1.09000000000000e-16,9.67000000000000e-17,8.57000000000000e-17,7.61000000000000e-17,6.78000000000000e-17;
