function PEC_c2=PEC_C2(n_e,T_e); 
%interpolation function for photon emissivity coefficient of C2+ 

n_e_data_PEC=[2190000000000.00,21900000000000.0,219000000000000,2.19000000000000e+15,6.56000000000000e+15,2.19000000000000e+16,6.56000000000000e+16,2.19000000000000e+17,6.56000000000000e+17,2.19000000000000e+18,6.56000000000000e+18,2.19000000000000e+19,6.56000000000000e+19,2.19000000000000e+20,6.56000000000000e+20,2.19000000000000e+21,6.56000000000000e+21,2.19000000000000e+22,6.56000000000000e+22,2.19000000000000e+23,6.56000000000000e+23,2.19000000000000e+24];
T_e_data_PEC=[0.388000000000000,0.543000000000000,0.776000000000000,1.16000000000000,1.55000000000000,2.33000000000000,3.88000000000000,5.43000000000000,7.76000000000000,11.6000000000000,15.5000000000000,23.3000000000000,38.8000000000000,54.3000000000000,77.6000000000000,116,155,233,388,543,776,1160,1550,2330];
Table_PEC_C_2=[    1.00000000000000e-80,3.19000000000000e-40,1.33000000000000e-32,1.02000000000000e-26,8.33000000000000e-24,5.97000000000000e-21,9.49000000000000e-19,7.50000000000000e-18,3.27000000000000e-17,9.46000000000000e-17,1.52000000000000e-16,2.24000000000000e-16,2.60000000000000e-16,2.48000000000000e-16,2.09000000000000e-16,1.50000000000000e-16,1.11000000000000e-16,7.10000000000000e-17,3.90000000000000e-17,2.60000000000000e-17,1.68000000000000e-17,1.01000000000000e-17,7.05000000000000e-18,4.23000000000000e-18
    1.00000000000000e-80,3.20000000000000e-40,1.33000000000000e-32,1.03000000000000e-26,8.34000000000000e-24,5.98000000000000e-21,9.50000000000000e-19,7.50000000000000e-18,3.27000000000000e-17,9.46000000000000e-17,1.52000000000000e-16,2.24000000000000e-16,2.61000000000000e-16,2.48000000000000e-16,2.09000000000000e-16,1.50000000000000e-16,1.11000000000000e-16,7.10000000000000e-17,3.90000000000000e-17,2.60000000000000e-17,1.68000000000000e-17,1.01000000000000e-17,7.05000000000000e-18,4.23000000000000e-18
    1.00000000000000e-80,3.27000000000000e-40,1.36000000000000e-32,1.04000000000000e-26,8.44000000000000e-24,6.04000000000000e-21,9.58000000000000e-19,7.56000000000000e-18,3.29000000000000e-17,9.51000000000000e-17,1.53000000000000e-16,2.25000000000000e-16,2.61000000000000e-16,2.49000000000000e-16,2.10000000000000e-16,1.50000000000000e-16,1.12000000000000e-16,7.11000000000000e-17,3.91000000000000e-17,2.60000000000000e-17,1.68000000000000e-17,1.01000000000000e-17,7.06000000000000e-18,4.23000000000000e-18
    2.81000000000000e-50,3.96000000000000e-40,1.60000000000000e-32,1.19000000000000e-26,9.49000000000000e-24,6.67000000000000e-21,1.04000000000000e-18,8.10000000000000e-18,3.49000000000000e-17,9.99000000000000e-17,1.60000000000000e-16,2.33000000000000e-16,2.70000000000000e-16,2.56000000000000e-16,2.15000000000000e-16,1.53000000000000e-16,1.14000000000000e-16,7.25000000000000e-17,3.97000000000000e-17,2.64000000000000e-17,1.70000000000000e-17,1.02000000000000e-17,7.13000000000000e-18,4.27000000000000e-18
    7.30000000000000e-50,1.04000000000000e-39,3.84000000000000e-32,2.60000000000000e-26,1.95000000000000e-23,1.26000000000000e-20,1.78000000000000e-18,1.30000000000000e-17,5.30000000000000e-17,1.43000000000000e-16,2.21000000000000e-16,3.10000000000000e-16,3.46000000000000e-16,3.21000000000000e-16,2.65000000000000e-16,1.85000000000000e-16,1.36000000000000e-16,8.54000000000000e-17,4.59000000000000e-17,3.01000000000000e-17,1.92000000000000e-17,1.13000000000000e-17,7.83000000000000e-18,4.65000000000000e-18
    3.09000000000000e-49,4.54000000000000e-39,1.72000000000000e-31,1.16000000000000e-25,8.41000000000000e-23,4.86000000000000e-20,5.63000000000000e-18,3.70000000000000e-17,1.38000000000000e-16,3.49000000000000e-16,5.21000000000000e-16,7.11000000000000e-16,7.90000000000000e-16,7.28000000000000e-16,5.92000000000000e-16,4.10000000000000e-16,2.97000000000000e-16,1.81000000000000e-16,9.29000000000000e-17,5.90000000000000e-17,3.60000000000000e-17,2.00000000000000e-17,1.35000000000000e-17,7.74000000000000e-18
    4.51000000000000e-49,6.94000000000000e-39,2.76000000000000e-31,1.95000000000000e-25,1.41000000000000e-22,7.73000000000000e-20,8.11000000000000e-18,5.09000000000000e-17,1.85000000000000e-16,4.65000000000000e-16,6.97000000000000e-16,9.67000000000000e-16,1.12000000000000e-15,1.06000000000000e-15,8.90000000000000e-16,6.34000000000000e-16,4.67000000000000e-16,2.87000000000000e-16,1.48000000000000e-16,9.41000000000000e-17,5.68000000000000e-17,3.08000000000000e-17,2.08000000000000e-17,1.19000000000000e-17
    5.41000000000000e-49,8.59000000000000e-39,3.55000000000000e-31,2.60000000000000e-25,1.89000000000000e-22,9.94000000000000e-20,9.73000000000000e-18,5.95000000000000e-17,2.13000000000000e-16,5.36000000000000e-16,8.06000000000000e-16,1.13000000000000e-15,1.36000000000000e-15,1.33000000000000e-15,1.14000000000000e-15,8.41000000000000e-16,6.32000000000000e-16,3.98000000000000e-16,2.09000000000000e-16,1.34000000000000e-16,8.12000000000000e-17,4.37000000000000e-17,2.98000000000000e-17,1.74000000000000e-17
    5.74000000000000e-49,9.22000000000000e-39,3.86000000000000e-31,2.88000000000000e-25,2.10000000000000e-22,1.08000000000000e-19,1.03000000000000e-17,6.26000000000000e-17,2.24000000000000e-16,5.61000000000000e-16,8.45000000000000e-16,1.20000000000000e-15,1.45000000000000e-15,1.43000000000000e-15,1.25000000000000e-15,9.35000000000000e-16,7.10000000000000e-16,4.52000000000000e-16,2.40000000000000e-16,1.55000000000000e-16,9.46000000000000e-17,5.09000000000000e-17,3.50000000000000e-17,2.08000000000000e-17
    5.85000000000000e-49,9.44000000000000e-39,3.98000000000000e-31,2.98000000000000e-25,2.18000000000000e-22,1.12000000000000e-19,1.05000000000000e-17,6.37000000000000e-17,2.27000000000000e-16,5.69000000000000e-16,8.59000000000000e-16,1.22000000000000e-15,1.48000000000000e-15,1.47000000000000e-15,1.29000000000000e-15,9.69000000000000e-16,7.39000000000000e-16,4.73000000000000e-16,2.53000000000000e-16,1.64000000000000e-16,1.00000000000000e-16,5.41000000000000e-17,3.74000000000000e-17,2.23000000000000e-17
    5.84000000000000e-49,9.45000000000000e-39,3.99000000000000e-31,3.00000000000000e-25,2.20000000000000e-22,1.12000000000000e-19,1.06000000000000e-17,6.37000000000000e-17,2.27000000000000e-16,5.70000000000000e-16,8.59000000000000e-16,1.22000000000000e-15,1.48000000000000e-15,1.47000000000000e-15,1.29000000000000e-15,9.71000000000000e-16,7.41000000000000e-16,4.75000000000000e-16,2.55000000000000e-16,1.66000000000000e-16,1.01000000000000e-16,5.50000000000000e-17,3.81000000000000e-17,2.28000000000000e-17
    5.72000000000000e-49,9.28000000000000e-39,3.93000000000000e-31,2.96000000000000e-25,2.16000000000000e-22,1.11000000000000e-19,1.04000000000000e-17,6.28000000000000e-17,2.24000000000000e-16,5.62000000000000e-16,8.48000000000000e-16,1.20000000000000e-15,1.46000000000000e-15,1.44000000000000e-15,1.27000000000000e-15,9.54000000000000e-16,7.29000000000000e-16,4.68000000000000e-16,2.51000000000000e-16,1.64000000000000e-16,1.01000000000000e-16,5.49000000000000e-17,3.80000000000000e-17,2.28000000000000e-17
    5.37000000000000e-49,8.76000000000000e-39,3.72000000000000e-31,2.81000000000000e-25,2.06000000000000e-22,1.06000000000000e-19,9.98000000000000e-18,6.02000000000000e-17,2.14000000000000e-16,5.38000000000000e-16,8.13000000000000e-16,1.16000000000000e-15,1.39000000000000e-15,1.38000000000000e-15,1.21000000000000e-15,9.14000000000000e-16,6.99000000000000e-16,4.50000000000000e-16,2.42000000000000e-16,1.58000000000000e-16,9.78000000000000e-17,5.39000000000000e-17,3.74000000000000e-17,2.25000000000000e-17
