function PEC_be1=PEC_Be1(n_e,T_e)
%interpolation function for photon emissivity coefficient ofBe1+

n_e_data_PEC=[1280000000.00000,12800000000.0000,128000000000.000,1280000000000.00,12800000000000.0,128000000000000,384000000000000,1.28000000000000e+15,3.84000000000000e+15,1.28000000000000e+16,3.84000000000000e+16,1.28000000000000e+17,3.84000000000000e+17,1.28000000000000e+18,3.84000000000000e+18,1.28000000000000e+19,3.84000000000000e+19,1.28000000000000e+20,3.84000000000000e+20,1.28000000000000e+21,3.84000000000000e+21,1.28000000000000e+22,3.84000000000000e+22,1.28000000000000e+23];
T_e_data_PEC=[0.241000000000000,0.345000000000000,0.517000000000000,0.689000000000000,1.03000000000000,1.72000000000000,2.41000000000000,3.45000000000000,5.17000000000000,6.89000000000000,10.3000000000000,17.2000000000000,24.1000000000000,34.5000000000000,51.7000000000000,68.9000000000000,103,172,241,345,517,689,1030];
Table_PEC_Be_1=[1.57000000000000e-40,6.88000000000000e-33,5.52000000000000e-27,4.62000000000000e-24,3.54000000000000e-21,6.31000000000000e-19,5.40000000000000e-18,2.55000000000000e-17,8.03000000000000e-17,1.38000000000000e-16,2.27000000000000e-16,3.21000000000000e-16,3.61000000000000e-16,3.81000000000000e-16,3.82000000000000e-16,3.70000000000000e-16,3.42000000000000e-16,2.95000000000000e-16,2.62000000000000e-16,2.29000000000000e-16,1.94000000000000e-16,1.71000000000000e-16,1.43000000000000e-16;
1.57000000000000e-40,6.88000000000000e-33,5.52000000000000e-27,4.62000000000000e-24,3.54000000000000e-21,6.31000000000000e-19,5.40000000000000e-18,2.55000000000000e-17,8.03000000000000e-17,1.38000000000000e-16,2.27000000000000e-16,3.21000000000000e-16,3.61000000000000e-16,3.81000000000000e-16,3.82000000000000e-16,3.70000000000000e-16,3.42000000000000e-16,2.95000000000000e-16,2.62000000000000e-16,2.29000000000000e-16,1.94000000000000e-16,1.71000000000000e-16,1.43000000000000e-16;
1.57000000000000e-40,6.88000000000000e-33,5.52000000000000e-27,4.62000000000000e-24,3.54000000000000e-21,6.31000000000000e-19,5.40000000000000e-18,2.55000000000000e-17,8.03000000000000e-17,1.38000000000000e-16,2.27000000000000e-16,3.21000000000000e-16,3.61000000000000e-16,3.81000000000000e-16,3.82000000000000e-16,3.70000000000000e-16,3.42000000000000e-16,2.95000000000000e-16,2.62000000000000e-16,2.29000000000000e-16,1.94000000000000e-16,1.71000000000000e-16,1.43000000000000e-16;
1.57000000000000e-40,6.88000000000000e-33,5.52000000000000e-27,4.62000000000000e-24,3.54000000000000e-21,6.31000000000000e-19,5.40000000000000e-18,2.55000000000000e-17,8.03000000000000e-17,1.38000000000000e-16,2.27000000000000e-16,3.21000000000000e-16,3.61000000000000e-16,3.81000000000000e-16,3.82000000000000e-16,3.70000000000000e-16,3.42000000000000e-16,2.95000000000000e-16,2.62000000000000e-16,2.29000000000000e-16,1.94000000000000e-16,1.71000000000000e-16,1.43000000000000e-16;
1.57000000000000e-40,6.88000000000000e-33,5.52000000000000e-27,4.62000000000000e-24,3.54000000000000e-21,6.31000000000000e-19,5.40000000000000e-18,2.55000000000000e-17,8.03000000000000e-17,1.38000000000000e-16,2.27000000000000e-16,3.21000000000000e-16,3.61000000000000e-16,3.81000000000000e-16,3.82000000000000e-16,3.70000000000000e-16,3.42000000000000e-16,2.95000000000000e-16,2.62000000000000e-16,2.29000000000000e-16,1.94000000000000e-16,1.71000000000000e-16,1.43000000000000e-16;
1.57000000000000e-40,6.88000000000000e-33,5.52000000000000e-27,4.62000000000000e-24,3.54000000000000e-21,6.31000000000000e-19,5.40000000000000e-18,2.55000000000000e-17,8.03000000000000e-17,1.38000000000000e-16,2.27000000000000e-16,3.21000000000000e-16,3.60000000000000e-16,3.81000000000000e-16,3.82000000000000e-16,3.70000000000000e-16,3.42000000000000e-16,2.95000000000000e-16,2.62000000000000e-16,2.29000000000000e-16,1.94000000000000e-16,1.71000000000000e-16,1.43000000000000e-16;
1.57000000000000e-40,6.88000000000000e-33,5.52000000000000e-27,4.62000000000000e-24,3.54000000000000e-21,6.31000000000000e-19,5.40000000000000e-18,2.55000000000000e-17,8.03000000000000e-17,1.38000000000000e-16,2.27000000000000e-16,3.21000000000000e-16,3.60000000000000e-16,3.81000000000000e-16,3.82000000000000e-16,3.70000000000000e-16,3.42000000000000e-16,2.95000000000000e-16,2.62000000000000e-16,2.29000000000000e-16,1.94000000000000e-16,1.71000000000000e-16,1.43000000000000e-16;
1.57000000000000e-40,6.88000000000000e-33,5.52000000000000e-27,4.62000000000000e-24,3.54000000000000e-21,6.31000000000000e-19,5.40000000000000e-18,2.55000000000000e-17,8.03000000000000e-17,1.38000000000000e-16,2.27000000000000e-16,3.21000000000000e-16,3.60000000000000e-16,3.81000000000000e-16,3.82000000000000e-16,3.70000000000000e-16,3.42000000000000e-16,2.95000000000000e-16,2.62000000000000e-16,2.29000000000000e-16,1.94000000000000e-16,1.71000000000000e-16,1.43000000000000e-16;
1.57000000000000e-40,6.88000000000000e-33,5.52000000000000e-27,4.62000000000000e-24,3.54000000000000e-21,6.31000000000000e-19,5.40000000000000e-18,2.55000000000000e-17,8.03000000000000e-17,1.38000000000000e-16,2.27000000000000e-16,3.21000000000000e-16,3.60000000000000e-16,3.81000000000000e-16,3.82000000000000e-16,3.70000000000000e-16,3.42000000000000e-16,2.95000000000000e-16,2.62000000000000e-16,2.29000000000000e-16,1.94000000000000e-16,1.71000000000000e-16,1.43000000000000e-16;
1.57000000000000e-40,6.88000000000000e-33,5.52000000000000e-27,4.62000000000000e-24,3.54000000000000e-21,6.31000000000000e-19,5.40000000000000e-18,2.55000000000000e-17,8.03000000000000e-17,1.38000000000000e-16,2.27000000000000e-16,3.21000000000000e-16,3.60000000000000e-16,3.81000000000000e-16,3.81000000000000e-16,3.70000000000000e-16,3.42000000000000e-16,2.95000000000000e-16,2.62000000000000e-16,2.29000000000000e-16,1.94000000000000e-16,1.71000000000000e-16,1.43000000000000e-16;
1.57000000000000e-40,6.88000000000000e-33,5.52000000000000e-27,4.62000000000000e-24,3.54000000000000e-21,6.31000000000000e-19,5.40000000000000e-18,2.55000000000000e-17,8.02000000000000e-17,1.38000000000000e-16,2.27000000000000e-16,3.21000000000000e-16,3.60000000000000e-16,3.81000000000000e-16,3.81000000000000e-16,3.70000000000000e-16,3.42000000000000e-16,2.95000000000000e-16,2.62000000000000e-16,2.29000000000000e-16,1.94000000000000e-16,1.71000000000000e-16,1.43000000000000e-16;
1.57000000000000e-40,6.88000000000000e-33,5.52000000000000e-27,4.62000000000000e-24,3.54000000000000e-21,6.30000000000000e-19,5.39000000000000e-18,2.55000000000000e-17,8.01000000000000e-17,1.37000000000000e-16,2.27000000000000e-16,3.21000000000000e-16,3.60000000000000e-16,3.80000000000000e-16,3.81000000000000e-16,3.70000000000000e-16,3.42000000000000e-16,2.95000000000000e-16,2.62000000000000e-16,2.29000000000000e-16,1.94000000000000e-16,1.71000000000000e-16,1.43000000000000e-16;
1.57000000000000e-40,6.88000000000000e-33,5.51000000000000e-27,4.61000000000000e-24,3.53000000000000e-21,6.28000000000000e-19,5.37000000000000e-18,2.54000000000000e-17,7.98000000000000e-17,1.37000000000000e-16,2.26000000000000e-16,3.19000000000000e-16,3.58000000000000e-16,3.79000000000000e-16,3.80000000000000e-16,3.69000000000000e-16,3.41000000000000e-16,2.95000000000000e-16,2.62000000000000e-16,2.29000000000000e-16,1.94000000000000e-16,1.71000000000000e-16,1.44000000000000e-16;
1.57000000000000e-40,6.88000000000000e-33,5.48000000000000e-27,4.57000000000000e-24,3.49000000000000e-21,6.20000000000000e-19,5.30000000000000e-18,2.50000000000000e-17,7.86000000000000e-17,1.35000000000000e-16,2.22000000000000e-16,3.14000000000000e-16,3.53000000000000e-16,3.73000000000000e-16,3.75000000000000e-16,3.65000000000000e-16,3.39000000000000e-16,2.93000000000000e-16,2.62000000000000e-16,2.29000000000000e-16,1.94000000000000e-16,1.72000000000000e-16,1.44000000000000e-16;
